

#All Key Value Pairs For All stations for average Temperature between 1929-1968
val data=sc.textFile("bda_project")
val pairs=data.map(x=>x.split(",")).map(x=>(x(1)(0).isDigit,x(1), x)).filter{case(x,y,z)=>x==true}.map{case(x,y,z)=>(y,z)}
val all_temps=pairs.map{case(x,y)=>((x,y(3)),y(6).toDouble)}
val test=all_temps.groupByKey().coalesce(1).map{case(((x,y),z))=>((x,y), z.sum, z.size)}
val test_2=test.map{case(((a,b),c,d))=>((a,b),c/d)}.map{case(((a,b),c))=>(c,(a,b))}.sortByKey(false).map{case((a,(b,c)))=>((b,c),a)}.map{case((x,y),z)=>((x,y),f"$z%1.2f")




########All Key Value Pairs for All stations average temperature by year from 1969-2019
#########delete gsod1969 in textfile

val data_2=sc.textFile("bda_project_2").map(x=>x.split(",")).filter(x=>x.length>=2).map(x=>(x(0).slice(1,7), x(1).slice(1,5), x(7).replaceAll("\\s", ""))).filter{case(x,y,z)=>x(1).isDigit}.map{case(x,y,z)=>((x,y),z.replace("\"",""))}
val grouped=data_2.map{case((x,y),z)=>((x,y),z.toFloat)}.groupByKey().coalesce(1).map{case((x,y),z)=>((x,y),z.sum, z.size)}
val grouped_2=grouped.map{case(((a,b),c,d))=>((a,b),c/d)}.map{case(((a,b),c))=>(c,(a,b))}.sortByKey(false).map{case((a,(b,c)))=>((b,c),a)}.map{case((x,y),z)=>((x,y),f"$z%1.2f")

Average Yearly Temperature in 1969

((800740,1969),85.85775)
((489005,1969),85.19974)
((488910,1969),85.155365)
((800090,1969),85.02306)
((489105,1969),84.99205)
((488870,1969),84.95618)
((800970,1969),84.617966)
((488915,1969),84.4315)
((800360,1969),84.40001)
((804070,1969),84.31379)
((804030,1969),84.25036)
((800630,1969),84.14887)
((800440,1969),83.88361)
((800480,1969),83.81471)
((803150,1969),83.73655)
((800220,1969),83.63636)
((804050,1969),83.51666)
((484005,1969),83.33068)
((488962,1969),83.319405)
((489125,1969),83.310135)
((434180,1969),83.30334)
((488685,1969),83.20054)
((749309,1969),83.19721)
((434240,1969),83.038025)
((484775,1969),82.99727)
((800280,1969),82.95281)
((488925,1969),82.86356)
((488635,1969),82.7913)
((488770,1969),82.7855)
((802190,1969),82.77458)
((800010,1969),82.61637)
((488896,1969),82.61179)
((484560,1969),82.6077)
((800910,1969),82.513855)
((488730,1969),82.48409)
((434000,1969),82.45302)
((434360,1969),82.43269)
((488935,1969),82.36631)
((489041,1969),82.33342)
((986460,1969),82.235916)
((489015,1969),82.216446)
((488556,1969),82.20546)
((800990,1969),82.20426)
((788071,1969),82.17645)
((800700,1969),82.07346)
((488926,1969),82.018654)
((800620,1969),81.99664)
((801440,1969),81.93495)
((984280,1969),81.93041)
((912500,1969),81.70792)
((489100,1969),81.63069)
((489000,1969),81.52879)
((844550,1969),81.42535)
((803540,1969),81.359886)
((434970,1969),81.3041)
((434130,1969),81.299995)
((489130,1969),81.25405)
((434670,1969),81.19355)
((845150,1969),81.16924)
((489006,1969),81.14461)
((488525,1969),81.025764)
((488970,1969),81.01372)
((488700,1969),80.9775)
((489550,1969),80.966965)
((942380,1969),80.864494)
((434500,1969),80.84689)
((941200,1969),80.817245)
((803610,1969),80.771805)
((803980,1969),80.701164)
((488561,1969),80.51672)
((489470,1969),80.51669)
((832890,1969),80.4627)
((484310,1969),80.3734)
((489400,1969),80.3496)
((802520,1969),80.297905)
((943350,1969),80.27315)
((942120,1969),80.27163)
((488550,1969),80.24807)
((484070,1969),80.211754)
((488676,1969),80.20987)
((488515,1969),80.19261)
((912180,1969),80.12741)
((488640,1969),80.1208)
((483540,1969),80.114006)
((803360,1969),80.07254)
((846580,1969),80.06552)
((983270,1969),79.98522)
((844740,1969),79.86349)
((821930,1969),79.81479)
((941750,1969),79.796974)
((802340,1969),79.65628)
((788060,1969),79.6556)
((488490,1969),79.581184)
((488520,1969),79.23413)
((783670,1969),79.17889)
((489235,1969),79.170715)
((785140,1969),79.137276)
((619020,1969),78.961655)
((488885,1969),78.90791)
((488695,1969),78.89314)
((483570,1969),78.69668)
((942030,1969),78.546844)
((488526,1969),78.52985)
((943120,1969),78.01646)
((844010,1969),77.96934)
((488630,1969),77.932976)
((804130,1969),77.80824)
((911620,1969),77.766556)
((802030,1969),77.670845)
((845340,1969),77.64179)
((916800,1969),77.61837)
((488671,1969),77.60633)
((829300,1969),77.26357)
((489300,1969),76.88981)
((933469,1969),76.874825)
((800930,1969),76.76145)
((942875,1969),76.68742)
((943320,1969),76.577354)
((911820,1969),76.51533)
((942945,1969),76.048225)
((800810,1969),76.013626)
((804100,1969),75.83521)
((834970,1969),75.79807)
((479350,1969),75.76704)
((800890,1969),75.71427)
((846770,1969),74.93666)
((802590,1969),74.684044)
((911903,1969),74.6819)
((747240,1969),74.63936)
((722026,1969),74.59701)
((488660,1969),74.36386)
((802100,1969),74.21129)
((749313,1969),74.19375)
((488750,1969),74.160866)
((722500,1969),73.841644)
((836120,1969),73.836716)
((844350,1969),73.83104)
((722520,1969),73.72302)
((943670,1969),73.69181)
((802110,1969),73.44985)
((488665,1969),73.42847)
((722786,1969),73.199715)
((944300,1969),73.13917)
((911700,1969),73.120544)
((479300,1969),73.082214)
((801100,1969),72.992874)
((943800,1969),72.684654)
((167560,1969),72.677864)
((944610,1969),72.60299)
((722785,1969),72.375885)
((747950,1969),72.14382)
((747960,1969),72.01916)
((943740,1969),71.877014)
((910660,1969),71.8099)
((944760,1969),71.62111)
((479310,1969),71.501366)
((943870,1969),71.40493)
((943000,1969),71.31095)
((835830,1969),71.099724)
((467700,1969),70.852615)
((844520,1969),70.806854)
((722510,1969),70.73563)
((780160,1969),70.71149)
((747940,1969),70.67644)
((845310,1969),70.52657)
((747880,1969),70.51779)
((837210,1969),70.49288)
((722615,1969),70.35016)
((949999,1969),70.33584)
((945100,1969),70.29891)
((833780,1969),70.23643)
((722055,1969),70.17041)
((845640,1969),70.141266)
((488510,1969),70.11129)
((722050,1969),69.848755)
((943265,1969),69.71865)
((722406,1969),69.5716)
((722390,1969),69.571205)
((722550,1969),69.56111)
((722167,1969),69.40001)
((747810,1969),69.40001)
((945760,1969),69.28522)
((722246,1969),69.24077)
((722610,1969),69.23482)
((945780,1969),69.1693)
((945785,1969),69.161095)
((620111,1969),68.94877)
((747686,1969),68.93112)
((488815,1969),68.89316)
((846280,1969),68.84616)
((722436,1969),68.812325)
((945680,1969),68.75262)
((722435,1969),68.29229)
((722535,1969),68.090385)
((803420,1969),68.08552)
((845010,1969),67.971085)
((722576,1969),67.86948)
((722530,1969),67.80826)
((803080,1969),67.79768)
((722545,1969),67.74352)
((722745,1969),67.6337)
((722536,1969),67.56082)
((747770,1969),67.51206)
((945270,1969),67.46165)
((747750,1969),67.41781)
((722310,1969),67.385185)
((167580,1969),67.23139)
((749019,1969),67.1502)
((947650,1969),66.85181)
((722210,1969),66.6704)
((947200,1969),66.53103)
((167150,1969),66.50833)
((722266,1969),66.39944)
((944030,1969),66.38001)
((846910,1969),66.35272)
((839810,1969),66.29452)
((722580,1969),66.25838)
((747540,1969),66.15123)
((947110,1969),66.144936)
((167590,1969),66.11677)
((847820,1969),66.09584)
((167300,1969),66.053764)
((946590,1969),66.002464)
((167400,1969),65.966675)
((167570,1969),65.956696)
((947910,1969),65.81696)
((167470,1969),65.81428)
((847210,1969),65.52965)
((946370,1969),65.526024)
((164900,1969),65.4452)
((167050,1969),65.44269)
((722570,1969),65.35728)
((167210,1969),65.190674)
((167170,1969),65.185074)
((167490,1969),65.14726)
((167540,1969),65.13015)
((722630,1969),65.00026)
((946080,1969),64.98743)
((164050,1969),64.95538)
((167240,1969),64.89026)
((722165,1969),64.86738)
((722597,1969),64.77549)
((801490,1969),64.72342)
((722595,1969),64.64764)
((747804,1969),64.62715)
((166850,1969),64.62226)
((746300,1969),64.56177)
((726226,1969),64.52718)
((743700,1969),64.52718)
((166890,1969),64.497925)
((846730,1969),64.494125)
((722265,1969),64.48494)
((165970,1969),64.42113)
((167320,1969),64.35068)
((489365,1969),64.32889)
((167160,1969),64.26661)
((946100,1969),64.183586)
((167040,1969),64.17698)
((167340,1969),64.17613)
((946105,1969),64.160835)
((164800,1969),64.09891)
((722269,1969),64.096466)
((722090,1969),64.08548)
((166690,1969),64.07947)
((164200,1969),64.01233)
((947680,1969),63.991535)
((847520,1969),63.943558)
((946460,1969),63.935337)
((166620,1969),63.927395)
((164290,1969),63.853058)
((166840,1969),63.842865)
((722586,1969),63.821106)
((722085,1969),63.780556)
((722655,1969),63.778908)
((167180,1969),63.77628)
((722485,1969),63.711487)
((947760,1969),63.70986)
((690190,1969),63.588226)
((167430,1969),63.54603)
((722660,1969),63.49422)
((167460,1969),63.453995)
((166610,1969),63.356094)
((166870,1969),63.335464)
((947530,1969),63.301907)
((722906,1969),63.29398)
((947670,1969),63.20493)
((947675,1969),63.167095)
((747910,1969),63.014774)
((167010,1969),62.930702)
((722866,1969),62.808247)
((164700,1969),62.80246)
((722970,1969),62.67067)
((166670,1969),62.66835)
((389740,1969),62.487255)
((164530,1969),62.43856)
((164600,1969),62.431774)
((722650,1969),62.330666)
((166410,1969),62.327396)
((946930,1969),62.324673)
((722175,1969),62.321373)
((478170,1969),62.312305)
((747900,1969),62.29916)
((746380,1969),62.21416)
((163200,1969),62.19341)
((163600,1969),62.170063)
((389110,1969),62.159912)
((946530,1969),62.124672)
((722080,1969),62.015602)
((746950,1969),61.96331)
((166200,1969),61.935123)
((085090,1969),61.916176)
((476800,1969),61.88375)
((724836,1969),61.87533)
((747320,1969),61.86547)
((722696,1969),61.86547)
((166510,1969),61.827118)
((724835,1969),61.741932)
((162000,1969),61.73331)
((723306,1969),61.717545)
((722730,1969),61.682175)
((378660,1969),61.67037)
((724810,1969),61.66136)
((723535,1969),61.65097)
((166820,1969),61.614784)
((165500,1969),61.60027)
((476710,1969),61.581932)
((723825,1969),61.57673)
((722250,1969),61.555084)
((724050,1969),61.53917)
((083970,1969),61.532295)
((724837,1969),61.51998)
((476350,1969),61.413437)
((838400,1969),61.411236)
((747020,1969),61.383263)
((166990,1969),61.359375)
((165300,1969),61.330933)
((164000,1969),61.2618)
((163100,1969),61.2422)
((165600,1969),61.240566)
((165390,1969),61.194786)
((478030,1969),61.161373)
((166250,1969),61.013157)
((723520,1969),61.01205)
((723526,1969),60.986115)
((389440,1969),60.983067)
((723105,1969),60.959473)
((722675,1969),60.931202)
((723550,1969),60.883858)
((387910,1969),60.857025)
((165200,1969),60.828396)
((166830,1969),60.813454)
((387500,1969),60.78453)
((947500,1969),60.748234)
((478080,1969),60.709328)
((163500,1969),60.701916)
((476620,1969),60.645294)
((723405,1969),60.636707)
((162800,1969),60.58656)
((723810,1969),60.56959)
((722860,1969),60.484386)
((477710,1969),60.437943)
((723440,1969),60.370945)
((723927,1969),60.323757)
((722925,1969),60.26381)
((162700,1969),60.250286)
((389270,1969),60.206623)
((389870,1969),60.181137)
((746930,1969),60.16904)
((166650,1969),60.162357)
((844440,1969),60.15185)
((724064,1969),60.085236)
((844720,1969),60.0513)
((434730,1969),60.031998)
((163250,1969),60.00329)
((723030,1969),59.97397)
((946723,1969),59.969574)
((746941,1969),59.935623)
((722270,1969),59.909027)
((388560,1969),59.87119)
((372790,1969),59.76233)
((723066,1969),59.711254)
((376390,1969),59.69743)
((162420,1969),59.563297)
((388950,1969),59.537502)
((162610,1969),59.53065)
((166480,1969),59.503822)
((723087,1969),59.389046)
((949100,1969),59.362206)
((161200,1969),59.32055)
((379230,1969),59.215157)
((162890,1969),59.20194)
((378640,1969),59.1549)
((386370,1969),59.154537)
((723560,1969),59.14357)
((476360,1969),59.061234)
((723540,1969),59.04552)
((471870,1969),59.036396)
((948650,1969),59.0044)
((161530,1969),58.96058)
((476600,1969),58.947487)
((948020,1969),58.8852)
((749477,1969),58.85237)
((166220,1969),58.844654)
((386560,1969),58.774036)
((948270,1969),58.71698)
((948680,1969),58.672077)
((723408,1969),58.671528)
((387630,1969),58.612125)
((386870,1969),58.610023)
((931190,1969),58.519176)
((379070,1969),58.458332)
((379890,1969),58.449997)
((949800,1969),58.433186)
((471571,1969),58.387115)
((946380,1969),58.313446)
((388800,1969),58.295353)
((959300,1969),58.159874)
((162060,1969),58.118366)
((476790,1969),58.094242)
((746710,1969),58.05535)
((373950,1969),58.02774)
((378500,1969),58.017647)
((374840,1969),57.996914)
((166100,1969),57.994957)
((745980,1969),57.99451)
((166420,1969),57.970142)
((388360,1969),57.968227)
((745160,1969),57.95837)
((163370,1969),57.870564)
((161900,1969),57.808487)
((373080,1969),57.732754)
((166270,1969),57.71131)
((378440,1969),57.672226)
((949840,1969),57.670837)
((161100,1969),57.653824)
((846860,1969),57.567745)
((162300,1969),57.396996)
((161700,1969),57.39671)
((476420,1969),57.362713)
((167100,1969),57.32933)
((166740,1969),57.312122)
((690020,1969),57.190414)
((724065,1969),57.188774)
((723630,1969),57.019173)
((724505,1969),56.998623)
((749000,1969),56.97324)
((471275,1969),56.92464)
((385110,1969),56.86498)
((371870,1969),56.75397)
((948640,1969),56.64656)
((958660,1969),56.627647)
((949070,1969),56.624924)
((161580,1969),56.60358)
((722686,1969),56.597828)
((372600,1969),56.594498)
((723273,1969),56.542156)
((081605,1969),56.513668)
((376210,1969),56.434288)
((385990,1969),56.421246)
((385650,1969),56.417038)
((724040,1969),56.3948)
((934360,1969),56.361935)
((371710,1969),56.29971)
((723060,1969),56.295616)
((385450,1969),56.28143)
((374700,1969),56.27606)
((384030,1969),56.203934)
((379360,1969),56.20345)
((386180,1969),56.06679)
((745940,1969),56.0389)
((725816,1969),56.009323)
((740030,1969),56.006844)
((690110,1969),56.006844)
((723650,1969),55.887917)
((373790,1969),55.879078)
((371770,1969),55.83387)
((749479,1969),55.82815)
((746061,1969),55.812485)
((948210,1969),55.804092)
((383670,1969),55.803024)
((724037,1969),55.773678)
((370180,1969),55.668957)
((379590,1969),55.66471)
((161460,1969),55.65358)
((374980,1969),55.56304)
((749391,1969),55.525)
((749388,1969),55.484657)
((723930,1969),55.417)
((471530,1969),55.404934)
((471580,1969),55.37453)
((375560,1969),55.310806)
((724956,1969),55.30741)
((370790,1969),55.30455)
((471025,1969),55.302345)
((160365,1969),55.169334)
((383880,1969),55.161373)
((384130,1969),55.160297)
((385070,1969),55.156437)
((802220,1969),55.143383)
((384570,1969),55.136833)
((724240,1969),55.0981)
((160440,1969),55.019707)
((471420,1969),54.992325)
((161810,1969),54.94646)
((379850,1969),54.897808)
((082270,1969),54.889)
((724457,1969),54.872864)
((372670,1969),54.818455)
((161050,1969),54.810135)
((949750,1969),54.802746)
((724361,1969),54.781338)
((722235,1969),54.75165)
((949260,1969),54.72111)
((724640,1969),54.681385)
((386960,1969),54.536957)
((371630,1969),54.523407)
((160900,1969),54.349037)
((383920,1969),54.319496)
((803700,1969),54.31081)
((471270,1969),54.28149)
((339900,1969),54.263206)
((724088,1969),54.258904)
((166130,1969),54.25234)
((690070,1969),54.21975)
((471130,1969),54.15725)
((949700,1969),54.136436)
((373090,1969),54.118523)
((471410,1969),54.090683)
((724338,1969),54.046864)
((379470,1969),54.02728)
((724096,1969),53.98795)
((724296,1969),53.908497)
((471204,1969),53.86936)
((726815,1969),53.7411)
((724467,1969),53.643837)
((724680,1969),53.60167)
((375530,1969),53.52787)
((471070,1969),53.52494)
((724567,1969),53.514797)
((724565,1969),53.500546)
((724466,1969),53.461372)
((378760,1969),53.461296)
((381780,1969),53.33242)
((107280,1969),53.297173)
((471065,1969),53.14054)
((937800,1969),53.09534)
((375750,1969),53.009342)
((160800,1969),52.966305)
((161300,1969),52.918087)
((999999,1969),52.90775)
((949680,1969),52.815346)
((471320,1969),52.677547)
((724550,1969),52.67698)
((370040,1969),52.6221)
((471066,1969),52.581657)
((377890,1969),52.580555)
((375140,1969),52.56296)
((375490,1969),52.369595)
((160200,1969),52.307404)
((471040,1969),52.29935)
((373670,1969),52.275005)
((471080,1969),52.247387)
((386130,1969),52.239174)
((745310,1969),52.210037)
((470660,1969),52.119446)
((725310,1969),52.09099)
((375310,1969),52.058617)
((847350,1969),52.04889)
((725720,1969),51.887413)
((727930,1969),51.814224)
((377400,1969),51.809086)
((378950,1969),51.735126)
((745700,1969),51.667942)
((339760,1969),51.617268)
((162520,1969),51.609085)
((471200,1969),51.58656)
((376730,1969),51.518524)
((471100,1969),51.47974)
((370850,1969),51.459137)
((160660,1969),51.359997)
((357290,1969),51.354836)
((106270,1969),51.342617)
((742070,1969),51.28682)
((471220,1969),51.138084)
((160590,1969),51.126312)
((381110,1969),51.09286)
((471060,1969),51.05806)
((725090,1969),50.994514)
((724285,1969),50.97345)
((370090,1969),50.948196)
((374720,1969),50.911945)
((377350,1969),50.890972)
((744865,1969),50.857594)
((067620,1969),50.824112)
((471180,1969),50.775906)
((106405,1969),50.773773)
((948740,1969),50.714287)
((382320,1969),50.61345)
((725038,1969),50.596634)
((107340,1969),50.530403)
((034700,1969),50.479504)
((725755,1969),50.461918)
((370000,1969),50.397575)
((470550,1969),50.372257)
((035623,1969),50.31973)
((382620,1969),50.299995)
((339240,1969),50.28493)
((380010,1969),50.222797)
((370310,1969),50.219517)
((381980,1969),50.212616)
((380370,1969),50.206947)
((725068,1969),50.20467)
((348240,1969),50.203285)
((108030,1969),50.193707)
((163000,1969),50.179966)
((742060,1969),50.17889)
((110220,1969),50.118855)
((339830,1969),50.105206)
((035773,1969),50.09399)
((375150,1969),50.023632)
((035953,1969),49.900806)
((339460,1969),49.795067)
((370010,1969),49.787346)
((338890,1969),49.771416)
((064510,1969),49.7167)
((035963,1969),49.695087)
((470690,1969),49.684)
((725335,1969),49.652317)
((725200,1969),49.63726)
((475800,1969),49.53671)
((470700,1969),49.476917)
((725300,1969),49.470146)
((110350,1969),49.45011)
((106420,1969),49.368473)
((339340,1969),49.353897)
((724695,1969),49.34355)
((035833,1969),49.33206)
((164590,1969),49.27242)
((359410,1969),49.192677)
((107120,1969),49.177902)
((348380,1969),49.176624)
((744900,1969),49.172592)
((107640,1969),49.147034)
((106320,1969),49.12995)
((374320,1969),49.100002)
((107520,1969),49.09941)
((349540,1969),49.09917)
((036553,1969),49.083294)
((725377,1969),49.033985)
((349290,1969),49.019566)
((372350,1969),49.007385)
((104100,1969),48.956585)
((336310,1969),48.935883)
((165310,1969),48.933327)
((383530,1969),48.929527)
((725287,1969),48.90164)
((471030,1969),48.89945)
((110360,1969),48.85946)
((036880,1969),48.853703)
((725540,1969),48.84795)
((105130,1969),48.830425)
((106330,1969),48.750687)
((111010,1969),48.74866)
((339940,1969),48.717354)
((107635,1969),48.714607)
((339590,1969),48.658333)
((103130,1969),48.638184)
((339020,1969),48.621147)
((802130,1969),48.595486)
((106590,1969),48.59176)
((162340,1969),48.590908)
((744910,1969),48.524685)
((107750,1969),48.51987)
((389540,1969),48.50235)
((067000,1969),48.4723)
((107550,1969),48.465992)
((470580,1969),48.44215)
((380490,1969),48.41868)
((106570,1969),48.412792)
((110280,1969),48.396774)
((338690,1969),48.38682)
((338370,1969),48.38272)
((339100,1969),48.35781)
((106370,1969),48.341663)
((100040,1969),48.270042)
((348580,1969),48.218887)
((349150,1969),48.212204)
((470410,1969),48.20613)
((370610,1969),48.199455)
((106190,1969),48.095047)
((165460,1969),48.064518)
((107450,1969),48.029053)
((338830,1969),47.990723)
((104380,1969),47.908207)
((349170,1969),47.902187)
((106090,1969),47.87418)
((110180,1969),47.827934)
((067200,1969),47.824394)
((377740,1969),47.77391)
((348660,1969),47.729874)
((102240,1969),47.727222)
((111050,1969),47.723183)
((107380,1969),47.711506)
((163320,1969),47.686665)
((109340,1969),47.61834)
((337770,1969),47.54685)
((101290,1969),47.49892)
((354260,1969),47.498783)
((726625,1969),47.493168)
((107080,1969),47.44162)
((727855,1969),47.43561)
((348800,1969),47.425552)
((726055,1969),47.425186)
((106550,1969),47.362648)
((349220,1969),47.319504)
((111300,1969),47.290226)
((105360,1969),47.236633)
((162530,1969),47.22501)
((103840,1969),47.219166)
((725280,1969),47.204117)
((338150,1969),47.176167)
((107630,1969),47.139458)
((111120,1969),47.10165)
((103380,1969),47.07398)
((380190,1969),47.016033)
((106100,1969),46.973892)
((347470,1969),46.970345)
((725895,1969),46.94329)
((104700,1969),46.923027)
((066100,1969),46.914265)
((380620,1969),46.910473)
((162450,1969),46.907146)
((353630,1969),46.90555)
((066700,1969),46.897823)
((110100,1969),46.895344)
((106070,1969),46.88323)
((383410,1969),46.866318)
((104880,1969),46.790417)
((101470,1969),46.724648)
((103610,1969),46.664112)
((111500,1969),46.59973)
((108520,1969),46.581593)
((470350,1969),46.58105)
((359250,1969),46.574112)
((112040,1969),46.531784)
((370540,1969),46.52767)
((703980,1969),46.49369)
((470250,1969),46.479683)
((384730,1969),46.442146)
((347120,1969),46.440933)
((347310,1969),46.431297)
((112400,1969),46.401928)
((349360,1969),46.377777)
((357070,1969),46.32615)
((102020,1969),46.27568)
((474300,1969),46.256306)
((347590,1969),46.23177)
((743920,1969),46.209053)
((372120,1969),46.15782)
((725640,1969),46.123844)
((346010,1969),46.117558)
((108930,1969),46.115395)
((337910,1969),46.09446)
((388160,1969),46.073223)
((337450,1969),46.00562)
((107760,1969),45.987625)
((339290,1969),45.953526)
((111200,1969),45.935883)
((100350,1969),45.932602)
((101700,1969),45.912334)
((359690,1969),45.88116)
((368590,1969),45.83243)
((102620,1969),45.82684)
((160400,1969),45.739223)
((357000,1969),45.723003)
((108660,1969),45.695366)
((353680,1969),45.658947)
((112310,1969),45.632053)
((336630,1969),45.62549)
((104990,1969),45.56508)
((380810,1969),45.551918)
((359530,1969),45.543056)
((346550,1969),45.5386)
((474120,1969),45.534897)
((061800,1969),45.510174)
((726436,1969),45.343006)
((368700,1969),45.33863)
((338980,1969),45.318485)
((725196,1969),45.316696)
((355630,1969),45.287754)
((345040,1969),45.28601)
((061990,1969),45.27638)
((109711,1969),45.26935)
((386270,1969),45.22532)
((106870,1969),45.20819)
((339330,1969),45.20715)
((376860,1969),45.140747)
((371450,1969),45.11867)
((358490,1969),44.97809)
((336150,1969),44.977192)
((217010,1969),44.97125)
((357150,1969),44.96629)
((380910,1969),44.929466)
((106160,1969),44.911488)
((365010,1969),44.795414)
((372280,1969),44.76055)
((101930,1969),44.756813)
((337610,1969),44.739723)
((349490,1969),44.72948)
((347200,1969),44.634342)
((339620,1969),44.58258)
((718070,1969),44.52494)
((725480,1969),44.510963)
((346090,1969),44.448315)
((353860,1969),44.365993)
((470080,1969),44.329235)
((345190,1969),44.306572)
((356020,1969),44.293217)
((102030,1969),44.253845)
((726395,1969),44.23426)
((339350,1969),44.210136)
((106140,1969),44.18329)
((344150,1969),44.163254)
((336580,1969),44.15415)
((346910,1969),44.07975)
((345450,1969),44.036797)
((370360,1969),44.024998)
((344220,1969),44.008965)
((337110,1969),43.968502)
((345230,1969),43.877483)
((355820,1969),43.862854)
((443250,1969),43.805088)
((345790,1969),43.79315)
((172180,1969),43.766663)
((368810,1969),43.672886)
((344090,1969),43.66665)
((374090,1969),43.60791)
((111150,1969),43.592484)
((112140,1969),43.58216)
((335060,1969),43.570415)
((339070,1969),43.528774)
((716280,1969),43.526028)
((331770,1969),43.525356)
((726225,1969),43.52274)
((111190,1969),43.505123)
((338390,1969),43.488026)
((380820,1969),43.483673)
((334660,1969),43.439823)
((343000,1969),43.373985)
((335260,1969),43.35703)
((357560,1969),43.332413)
((357390,1969),43.31041)
((105460,1969),43.260025)
((726071,1969),43.25015)
((330080,1969),43.239433)
((218530,1969),43.212643)
((163120,1969),43.08077)
((160980,1969),43.044445)
((335870,1969),42.98653)
((343360,1969),42.86082)
((345710,1969),42.829773)
((727755,1969),42.800556)
((106850,1969),42.790966)
((338480,1969),42.786587)
((330880,1969),42.746964)
((377090,1969),42.70492)
((383340,1969),42.678185)
((357460,1969),42.66637)
((160990,1969),42.65)
((111850,1969),42.59394)
((319700,1969),42.58268)
((345600,1969),42.578632)
((335620,1969),42.562088)
((338850,1969),42.531403)
((267020,1969),42.51976)
((359970,1969),42.512897)
((332970,1969),42.504997)
((269230,1969),42.365417)
((382070,1969),42.345097)
((346070,1969),42.337063)
((378150,1969),42.31071)
((470200,1969),42.292374)
((727125,1969),42.19094)
((347040,1969),42.118847)
((346460,1969),42.052055)
((344760,1969),42.042152)
((350530,1969),42.03522)
((338960,1969),41.99045)
((338870,1969),41.951447)
((355140,1969),41.885147)
((358840,1969),41.861286)
((332750,1969),41.85441)
((339660,1969),41.84191)
((382220,1969),41.78734)
((161910,1969),41.74545)
((332610,1969),41.725285)
((350670,1969),41.698746)
((269290,1969),41.678482)
((703500,1969),41.64549)
((350420,1969),41.644936)
((337170,1969),41.629715)
((265090,1969),41.60993)
((357770,1969),41.59246)
((342470,1969),41.5904)
((344990,1969),41.55906)
((368850,1969),41.509842)
((330190,1969),41.489582)
((343210,1969),41.47335)
((338450,1969),41.44266)
((367440,1969),41.437634)
((331050,1969),41.42758)
((160360,1969),41.40625)
((343570,1969),41.402752)
((339150,1969),41.38888)
((367290,1969),41.365376)
((330270,1969),41.325806)
((264060,1969),41.300007)
((266290,1969),41.284637)
((338620,1969),41.24476)
((380690,1969),41.22131)
((470030,1969),41.219505)
((268250,1969),41.147926)
((331350,1969),41.09973)
((338170,1969),41.08707)
((261150,1969),41.023766)
((319690,1969),41.003365)
((354060,1969),40.96603)
((342310,1969),40.948956)
((330360,1969),40.864655)
((749018,1969),40.833332)
((264220,1969),40.69314)
((343630,1969),40.689865)
((338930,1969),40.66446)
((342400,1969),40.657528)
((111280,1969),40.588818)
((704540,1969),40.587124)
((268360,1969),40.562668)
((107140,1969),40.54362)
((263130,1969),40.47443)
((161490,1969),40.47273)
((104270,1969),40.46977)
((238620,1969),40.439762)
((269410,1969),40.414013)
((268320,1969),40.406933)
((342140,1969),40.39405)
((267450,1969),40.39151)
((269470,1969),40.33896)
((338460,1969),40.337673)
((347170,1969),40.318127)
((354160,1969),40.317585)
((269510,1969),40.303577)
((338810,1969),40.298042)
((268460,1969),40.276443)
((238380,1969),40.257023)
((727345,1969),40.244926)
((160940,1969),40.2)
((355290,1969),40.189316)
((334950,1969),40.18636)
((336050,1969),40.16325)
((336380,1969),40.11409)
((337880,1969),40.101692)
((341220,1969),40.08301)
((262310,1969),40.074654)
((330380,1969),40.06786)
((267300,1969),40.065296)
((331240,1969),40.04133)
((265240,1969),40.02487)
((337480,1969),39.983643)
((338340,1969),39.94264)
((318660,1969),39.934624)
((336210,1969),39.90872)
((345550,1969),39.907)
((342620,1969),39.898308)
((321660,1969),39.88766)
((340090,1969),39.84544)
((266680,1969),39.820694)
((727435,1969),39.78384)
((330410,1969),39.751938)
((356330,1969),39.740208)
((268500,1969),39.71652)
((341160,1969),39.71231)
((337230,1969),39.709957)
((330490,1969),39.700836)
((341720,1969),39.692604)
((218340,1969),39.67426)
((338050,1969),39.651394)
((268630,1969),39.606632)
((347080,1969),39.60076)
((268530,1969),39.524094)
((341520,1969),39.51653)
((342380,1969),39.476147)
((345090,1969),39.472782)
((343910,1969),39.4478)
((269610,1969),39.358166)
((319890,1969),39.334885)
((269660,1969),39.32996)
((040180,1969),39.31645)
((279280,1969),39.29668)
((245840,1969),39.282104)
((344380,1969),39.27597)
((336090,1969),39.274075)
((160080,1969),39.258106)
((267360,1969),39.256195)
((321650,1969),39.194775)
((702960,1969),39.1652)
((265440,1969),39.123486)
((268550,1969),39.099995)
((339990,1969),39.076508)
((355490,1969),39.07522)
((269970,1969),39.04423)
((162190,1969),39.039555)
((338770,1969),39.03929)
((266590,1969),39.029953)
((334870,1969),38.96107)
((268640,1969),38.898952)
((266450,1969),38.88981)
((470140,1969),38.87006)
((336780,1969),38.844765)
((357960,1969),38.84163)
((340130,1969),38.81466)
((260380,1969),38.7945)
((269740,1969),38.7331)
((727675,1969),38.72795)
((269870,1969),38.70905)
((268780,1969),38.694775)
((704140,1969),38.694244)
((111550,1969),38.67076)
((345100,1969),38.653194)
((267590,1969),38.652176)
((265540,1969),38.6518)
((268870,1969),38.631416)
((352170,1969),38.60249)
((344320,1969),38.5899)
((340470,1969),38.57852)
((266430,1969),38.553318)
((336990,1969),38.539703)
((262470,1969),38.530224)
((268980,1969),38.525894)
((319740,1969),38.499996)
((470650,1969),38.496067)
((319870,1969),38.488605)
((266660,1969),38.482914)
((383430,1969),38.478127)
((279060,1969),38.449863)
((335770,1969),38.41722)
((337540,1969),38.4152)
((356710,1969),38.41131)
((344070,1969),38.40814)
((338330,1969),38.40541)
((355420,1969),38.37598)
((262580,1969),38.33527)
((343190,1969),38.32954)
((727575,1969),38.329315)
((321740,1969),38.25744)
((263480,1969),38.23497)
((263590,1969),38.223682)
((341860,1969),38.214165)
((337590,1969),38.211365)
((321450,1969),38.204346)
((268940,1969),38.196976)
((336640,1969),38.179993)
((261570,1969),38.177658)
((262420,1969),38.175762)
((267630,1969),38.16252)
((276120,1969),38.134068)
((160880,1969),38.133335)
((263780,1969),38.06279)
((344010,1969),38.04949)
((383160,1969),38.03774)
((268820,1969),38.02845)
((279470,1969),37.99477)
((366390,1969),37.888687)
((260590,1969),37.88379)
((345350,1969),37.881107)
((336860,1969),37.87969)
((346060,1969),37.858955)
((264770,1969),37.856037)
((279350,1969),37.854134)
((266570,1969),37.79022)
((343020,1969),37.73333)
((342670,1969),37.72488)
((318690,1969),37.710308)
((332460,1969),37.65345)
((319600,1969),37.634613)
((340980,1969),37.596252)
((261670,1969),37.568226)
((330670,1969),37.543697)
((279570,1969),37.51884)
((351080,1969),37.516445)
((266530,1969),37.50602)
((278150,1969),37.50118)
((346220,1969),37.482708)
((160760,1969),37.425)
((336790,1969),37.424835)
((340030,1969),37.421715)
((443580,1969),37.407303)
((267810,1969),37.366756)
((262750,1969),37.349567)
((353580,1969),37.316345)
((356630,1969),37.309654)
((264590,1969),37.287045)
((369740,1969),37.286053)
((267740,1969),37.282032)
((336470,1969),37.264534)
((443730,1969),37.24445)
((278480,1969),37.238625)
((308150,1969),37.232403)
((105780,1969),37.198093)
((702720,1969),37.18931)
((319310,1969),37.147945)
((279300,1969),37.127403)
((319170,1969),37.12606)
((368940,1969),37.104164)
((319610,1969),37.09827)
((228920,1969),37.063633)
((277070,1969),37.06346)
((321490,1969),36.991905)
((277310,1969),36.990112)
((260630,1969),36.955227)
((265850,1969),36.95384)
((703080,1969),36.93232)
((357910,1969),36.93215)
((340630,1969),36.930492)
((278230,1969),36.917305)
((319150,1969),36.88104)
((104530,1969),36.87205)
((319960,1969),36.86429)
((319210,1969),36.85057)
((443540,1969),36.7887)
((344450,1969),36.78349)
((279620,1969),36.77718)
((352290,1969),36.699184)
((277030,1969),36.68105)
((263890,1969),36.653584)
((321560,1969),36.64221)
((264870,1969),36.584236)
((332310,1969),36.563225)
((335980,1969),36.56275)
((278570,1969),36.5393)
((355760,1969),36.492596)
((277190,1969),36.482395)
((264980,1969),36.467754)
((267950,1969),36.435017)
((354300,1969),36.36464)
((279830,1969),36.34138)
((332870,1969),36.33591)
((217490,1969),36.32)
((266950,1969),36.31679)
((346150,1969),36.313435)
((260120,1969),36.29197)
((260780,1969),36.237995)
((321280,1969),36.229416)
((343560,1969),36.221962)
((335570,1969),36.21544)
((382030,1969),36.179996)
((275090,1969),36.174625)
((319750,1969),36.124302)
((289000,1969),36.115387)
((275020,1969),36.088623)
((343730,1969),36.087826)
((217280,1969),36.054638)
((276480,1969),36.047665)
((326180,1969),36.020058)
((239230,1969),36.0199)
((276270,1969),35.95104)
((366650,1969),35.915146)
((319590,1969),35.873272)
((263500,1969),35.866665)
((262140,1969),35.865902)
((262980,1969),35.835175)
((274120,1969),35.80645)
((345370,1969),35.76822)
((470160,1969),35.76016)
((331730,1969),35.74672)
((261880,1969),35.710785)
((353610,1969),35.693203)
((274020,1969),35.646996)
((335860,1969),35.602905)
((263930,1969),35.60265)
((260290,1969),35.598114)
((351210,1969),35.546852)
((703050,1969),35.49722)
((289090,1969),35.479504)
((364980,1969),35.36703)
((335640,1969),35.333096)
((262150,1969),35.31646)
((260940,1969),35.27857)
((354970,1969),35.271156)
((321950,1969),35.217148)
((335480,1969),35.200745)
((360580,1969),35.198307)
((228020,1969),35.181)
((277580,1969),35.179287)
((319130,1969),35.12823)
((275390,1969),35.126297)
((335710,1969),35.110214)
((161340,1969),35.108803)
((261280,1969),35.106586)
((325400,1969),35.102467)
((325090,1969),35.097504)
((336510,1969),35.07305)
((275320,1969),35.05179)
((376030,1969),35.033966)
((353760,1969),35.02265)
((272250,1969),35.01047)
((277520,1969),34.994625)
((321580,1969),34.987755)
((382010,1969),34.949234)
((335360,1969),34.93285)
((275530,1969),34.91346)
((318780,1969),34.90692)
((264030,1969),34.90334)
((442570,1969),34.893635)
((319810,1969),34.811028)
((279730,1969),34.753754)
((325590,1969),34.741947)
((277600,1969),34.718697)
((318840,1969),34.663048)
((276650,1969),34.60768)
((263100,1969),34.592133)
((272170,1969),34.585125)
((703260,1969),34.55974)
((335110,1969),34.51866)
((343120,1969),34.50351)
((273310,1969),34.493122)
((274280,1969),34.43731)
((265030,1969),34.431637)
((261960,1969),34.429703)
((274790,1969),34.428093)
((360640,1969),34.421486)
((261200,1969),34.396046)
((307270,1969),34.359203)
((273290,1969),34.34917)
((273160,1969),34.297005)
((331870,1969),34.291378)
((275950,1969),34.28401)
((332280,1969),34.256035)
((277860,1969),34.2412)
((321860,1969),34.23268)
((332710,1969),34.224506)
((262260,1969),34.210148)
((319090,1969),34.197517)
((273550,1969),34.188732)
((353940,1969),34.173706)
((267040,1969),34.15167)
((383170,1969),34.143864)
((160840,1969),34.12857)
((270080,1969),34.096035)
((262290,1969),34.090954)
((262330,1969),34.08805)
((276790,1969),34.045723)
((271130,1969),34.0456)
((273470,1969),34.026108)
((343040,1969),34.0229)
((383280,1969),34.003777)
((263240,1969),33.998844)
((263260,1969),33.989708)
((322070,1969),33.95432)
((321210,1969),33.937115)
((276530,1969),33.89853)
((319930,1969),33.89271)
((332130,1969),33.85616)
((228370,1969),33.85055)
((160640,1969),33.85)
((321500,1969),33.821426)
((324090,1969),33.81219)
((228200,1969),33.809055)
((275770,1969),33.803684)
((271080,1969),33.76245)
((288060,1969),33.752895)
((350370,1969),33.715588)
((325960,1969),33.712368)
((366220,1969),33.711594)
((318730,1969),33.690113)
((229120,1969),33.553738)
((356830,1969),33.536526)
((273690,1969),33.52852)
((322130,1969),33.49617)
((261160,1969),33.44611)
((443470,1969),33.43372)
((332030,1969),33.37612)
((332680,1969),33.341846)
((320880,1969),33.33955)
((264140,1969),33.326565)
((229390,1969),33.310627)
((383010,1969),33.29825)
((322170,1969),33.279587)
((325940,1969),33.24337)
((318290,1969),33.1887)
((270370,1969),33.160423)
((285060,1969),33.15789)
((704820,1969),33.145573)
((325190,1969),33.053177)
((220030,1969),33.027454)
((229250,1969),33.017773)
((273330,1969),33.004932)
((263180,1969),32.990074)
((442590,1969),32.9738)
((272420,1969),32.95988)
((318320,1969),32.955097)
((364670,1969),32.953293)
((289250,1969),32.94734)
((249340,1969),32.9229)
((261240,1969),32.92178)
((286010,1969),32.907642)
((319390,1969),32.892017)
((335160,1969),32.891735)
((325860,1969),32.836735)
((287110,1969),32.71595)
((289520,1969),32.708527)
((112120,1969),32.69629)
((287040,1969),32.67232)
((220140,1969),32.659065)
((317860,1969),32.62637)
((443520,1969),32.567337)
((264160,1969),32.539555)
((351660,1969),32.533333)
((336570,1969),32.52902)
((443410,1969),32.51706)
((369050,1969),32.47895)
((287480,1969),32.438477)
((229540,1969),32.42226)
((361770,1969),32.41883)
((321330,1969),32.41678)
((260450,1969),32.404026)
((351880,1969),32.39178)
((272710,1969),32.378033)
((361520,1969),32.328922)
((362080,1969),32.304363)
((228310,1969),32.27147)
((264250,1969),32.265892)
((317070,1969),32.23956)
((351330,1969),32.2326)
((325480,1969),32.222385)
((286150,1969),32.158672)
((351910,1969),32.09474)
((263350,1969),32.05247)
((286210,1969),32.040386)
((272520,1969),32.0349)
((702350,1969),32.024117)
((273730,1969),31.972532)
((228670,1969),31.955008)
((287560,1969),31.91899)
((264290,1969),31.901154)
((364030,1969),31.889511)
((300740,1969),31.875818)
((360010,1969),31.869707)
((363350,1969),31.845041)
((288790,1969),31.827265)
((284110,1969),31.8102)
((228450,1969),31.803568)
((350260,1969),31.802502)
((299620,1969),31.800285)
((227210,1969),31.798624)
((288670,1969),31.782372)
((226210,1969),31.781496)
((319940,1969),31.77758)
((273930,1969),31.767506)
((264190,1969),31.709791)
((111260,1969),31.69853)
((287220,1969),31.690605)
((286420,1969),31.671143)
((226020,1969),31.666212)
((226410,1969),31.625692)
((274850,1969),31.593115)
((702120,1969),31.587652)
((270510,1969),31.567495)
((261350,1969),31.519999)
((317350,1969),31.517302)
((361260,1969),31.5074)
((442880,1969),31.497515)
((317330,1969),31.497265)
((283190,1969),31.476246)
((317130,1969),31.474379)
((227680,1969),31.469135)
((288380,1969),31.406656)
((364390,1969),31.388826)
((286550,1969),31.363825)
((351730,1969),31.362534)
((224380,1969),31.332205)
((368170,1969),31.296003)
((360520,1969),31.29257)
((271960,1969),31.270325)
((360030,1969),31.270058)
((317050,1969),31.17701)
((363580,1969),31.153337)
((317100,1969),31.147257)
((223390,1969),31.145355)
((308240,1969),31.142647)
((267060,1969),31.13628)
((316610,1969),31.10785)
((288770,1969),31.056341)
((288250,1969),31.042852)
((288730,1969),31.04154)
((247260,1969),31.019335)
((289660,1969),30.998068)
((270660,1969),30.995039)
((318830,1969),30.99157)
((324080,1969),30.988714)
((221400,1969),30.987177)
((228540,1969),30.977135)
((298650,1969),30.95872)
((330580,1969),30.955856)
((360360,1969),30.909967)
((316550,1969),30.900272)
((263460,1969),30.88433)
((350850,1969),30.879347)
((317270,1969),30.878551)
((360210,1969),30.865932)
((264460,1969),30.860117)
((320690,1969),30.844904)
((318230,1969),30.83296)
((702190,1969),30.827143)
((283240,1969),30.793106)
((225220,1969),30.786257)
((287660,1969),30.771784)
((364280,1969),30.764927)
((285520,1969),30.749317)
((361860,1969),30.73654)
((322850,1969),30.706057)
((319420,1969),30.698614)
((224460,1969),30.698576)
((298690,1969),30.69834)
((299370,1969),30.697245)
((321160,1969),30.69533)
((067500,1969),30.66957)
((702315,1969),30.664131)
((272810,1969),30.652742)
((224220,1969),30.65193)
((220280,1969),30.628876)
((316470,1969),30.571335)
((350780,1969),30.5599)
((316360,1969),30.550177)
((360340,1969),30.549702)
((224030,1969),30.540327)
((223340,1969),30.538616)
((262380,1969),30.534088)
((323330,1969),30.49473)
((298760,1969),30.49114)
((298070,1969),30.490639)
((262490,1969),30.474545)
((264350,1969),30.462502)
((265510,1969),30.458622)
((286610,1969),30.450823)
((295740,1969),30.395039)
((360200,1969),30.373)
((284510,1969),30.344978)
((318450,1969),30.32288)
((325640,1969),30.320766)
((228870,1969),30.306047)
((309250,1969),30.272104)
((224080,1969),30.24614)
((249280,1969),30.222702)
((442180,1969),30.216845)
((284190,1969),30.184599)
((367730,1969),30.182861)
((220370,1969),30.164621)
((442980,1969),30.163263)
((357420,1969),30.132692)
((382150,1969),30.121431)
((442540,1969),30.120195)
((318250,1969),30.119764)
((298380,1969),30.103855)
((442820,1969),30.08832)
((298460,1969),30.08207)
((226570,1969),30.064999)
((317250,1969),30.061548)
((286370,1969),30.058542)
((223240,1969),30.001099)
((442140,1969),29.99294)
((284400,1969),29.990076)
((227780,1969),29.985924)
((334640,1969),29.983475)
((288950,1969),29.981256)
((298540,1969),29.97761)
((298490,1969),29.97653)
((227620,1969),29.958315)
((235890,1969),29.955881)
((221130,1969),29.91622)
((289840,1969),29.896965)
((298480,1969),29.892166)
((283210,1969),29.870598)
((320990,1969),29.858849)
((317910,1969),29.841911)
((284280,1969),29.836306)
((287990,1969),29.825895)
((365350,1969),29.816248)
((289780,1969),29.807417)
((702670,1969),29.805494)
((287860,1969),29.801939)
((285370,1969),29.794441)
((320980,1969),29.78873)
((286790,1969),29.767849)
((295570,1969),29.754564)
((282250,1969),29.74725)
((282160,1969),29.735727)
((299390,1969),29.726337)
((270830,1969),29.721144)
((225500,1969),29.711273)
((261340,1969),29.69931)
((298140,1969),29.659714)
((367780,1969),29.652082)
((318950,1969),29.62396)
((297450,1969),29.623322)
((324110,1969),29.623146)
((298360,1969),29.60056)
((298370,1969),29.592804)
((221450,1969),29.587875)
((225250,1969),29.569868)
((221330,1969),29.567547)
((299150,1969),29.55837)
((286980,1969),29.551374)
((261450,1969),29.549374)
((282140,1969),29.545177)
((325710,1969),29.525976)
((320610,1969),29.504143)
((308120,1969),29.499727)
((260580,1969),29.49607)
((285410,1969),29.491615)
((260460,1969),29.45747)
((318510,1969),29.454565)
((295510,1969),29.446257)
((247370,1969),29.420551)
((220060,1969),29.394367)
((222170,1969),29.36567)
((322210,1969),29.357002)
((360220,1969),29.34293)
((306200,1969),29.333801)
((220180,1969),29.323526)
((442870,1969),29.29763)
((296760,1969),29.292011)
((294560,1969),29.291454)
((294670,1969),29.274712)
((220040,1969),29.254595)
((264360,1969),29.254452)
((299230,1969),29.249308)
((299560,1969),29.246834)
((285980,1969),29.214642)
((286660,1969),29.212381)
((287910,1969),29.20468)
((221490,1969),29.192663)
((323890,1969),29.185171)
((704896,1969),29.182114)
((284340,1969),29.176268)
((286880,1969),29.146162)
((296340,1969),29.145044)
((287970,1969),29.123817)
((309160,1969),29.090229)
((298700,1969),29.080706)
((317980,1969),29.076025)
((292650,1969),29.073807)
((317700,1969),29.060555)
((286960,1969),29.048206)
((221050,1969),29.045649)
((220950,1969),29.034851)
((475840,1969),29.031324)
((442410,1969),29.024439)
((233380,1969),29.010166)
((297660,1969),29.006372)
((295620,1969),29.004154)
((317490,1969),28.99365)
((299250,1969),28.971146)
((295530,1969),28.96016)
((298640,1969),28.958538)
((307260,1969),28.941196)
((297560,1969),28.931417)
((295830,1969),28.904974)
((296360,1969),28.898335)
((259640,1969),28.894184)
((221000,1969),28.890585)
((285880,1969),28.88094)
((296490,1969),28.87833)
((297010,1969),28.858065)
((308220,1969),28.856203)
((296050,1969),28.855242)
((298270,1969),28.837557)
((295390,1969),28.811958)
((283670,1969),28.809742)
((360450,1969),28.79499)
((296260,1969),28.789795)
((308230,1969),28.782326)
((296420,1969),28.76326)
((380080,1969),28.762224)
((442320,1969),28.75208)
((297260,1969),28.74738)
((284690,1969),28.725685)
((280090,1969),28.692575)
((297350,1969),28.688677)
((296540,1969),28.674856)
((298130,1969),28.65551)
((296310,1969),28.648872)
((296020,1969),28.628246)
((360610,1969),28.621214)
((315790,1969),28.619926)
((296640,1969),28.616524)
((309670,1969),28.614443)
((307100,1969),28.601933)
((292530,1969),28.594286)
((295780,1969),28.584488)
((308290,1969),28.575062)
((307290,1969),28.568417)
((286730,1969),28.552849)
((248130,1969),28.532606)
((295320,1969),28.511597)
((362310,1969),28.487362)
((295670,1969),28.485172)
((282550,1969),28.48133)
((309690,1969),28.46379)
((295760,1969),28.417677)
((442310,1969),28.413794)
((325240,1969),28.404976)
((221120,1969),28.40244)
((297060,1969),28.364906)
((322870,1969),28.36482)
((239090,1969),28.34626)
((443040,1969),28.338228)
((306170,1969),28.334036)
((308460,1969),28.333818)
((297020,1969),28.329887)
((285860,1969),28.328527)
((309570,1969),28.303633)
((320960,1969),28.294954)
((283660,1969),28.291748)
((284650,1969),28.285824)
((442390,1969),28.280893)
((295480,1969),28.274366)
((281440,1969),28.267801)
((225630,1969),28.259647)
((294300,1969),28.239487)
((261410,1969),28.213324)
((347980,1969),28.210806)
((297120,1969),28.199457)
((301980,1969),28.166666)
((297720,1969),28.165468)
((298220,1969),28.160057)
((702710,1969),28.151766)
((293480,1969),28.140327)
((324770,1969),28.133892)
((280440,1969),28.130909)
((238040,1969),28.126106)
((295400,1969),28.11491)
((315860,1969),28.103281)
((315610,1969),28.091438)
((222590,1969),28.08705)
((283340,1969),28.084356)
((223490,1969),28.078499)
((442770,1969),28.077814)
((282400,1969),28.061111)
((295940,1969),28.053331)
((221930,1969),28.050571)
((368210,1969),28.038887)
((297590,1969),28.020985)
((293670,1969),27.99584)
((237290,1969),27.990696)
((285930,1969),27.986187)
((322930,1969),27.983551)
((309490,1969),27.965551)
((297240,1969),27.965006)
((223120,1969),27.962505)
((281160,1969),27.95592)
((299460,1969),27.95358)
((298320,1969),27.9425)
((281310,1969),27.938059)
((284810,1969),27.936375)
((305040,1969),27.928532)
((315040,1969),27.896147)
((296120,1969),27.875212)
((315100,1969),27.869226)
((280490,1969),27.863577)
((285730,1969),27.856823)
((297220,1969),27.847105)
((299550,1969),27.843748)
((442920,1969),27.803028)
((309240,1969),27.80264)
((308530,1969),27.790228)
((296530,1969),27.77888)
((306050,1969),27.751688)
((239040,1969),27.748516)
((317040,1969),27.734627)
((248580,1969),27.732662)
((293320,1969),27.732044)
((388750,1969),27.717976)
((298940,1969),27.698824)
((275810,1969),27.68493)
((318150,1969),27.681335)
((360380,1969),27.674042)
((227980,1969),27.672253)
((324970,1969),27.667027)
((226760,1969),27.639942)
((282780,1969),27.604713)
((315730,1969),27.604124)
((318010,1969),27.586536)
((296250,1969),27.565847)
((323790,1969),27.557901)
((221010,1969),27.553247)
((309530,1969),27.544006)
((359270,1969),27.543182)
((306030,1969),27.540113)
((306370,1969),27.533709)
((284980,1969),27.510221)
((295340,1969),27.502768)
((249330,1969),27.502188)
((222690,1969),27.501427)
((293280,1969),27.473478)
((295810,1969),27.470253)
((219830,1969),27.458698)
((222040,1969),27.44689)
((259540,1969),27.446575)
((320120,1969),27.412922)
((247580,1969),27.408945)
((295410,1969),27.33491)
((315940,1969),27.331127)
((296750,1969),27.32763)
((284910,1969),27.318783)
((293550,1969),27.317863)
((296980,1969),27.301102)
((043610,1969),27.293406)
((367860,1969),27.27353)
((284930,1969),27.272535)
((308590,1969),27.263872)
((294050,1969),27.253609)
((294770,1969),27.241047)
((360830,1969),27.220894)
((221190,1969),27.21728)
((222120,1969),27.209406)
((322460,1969),27.200285)
((306380,1969),27.196737)
((245440,1969),27.179861)
((238030,1969),27.173342)
((258580,1969),27.145441)
((259560,1969),27.118742)
((701730,1969),27.118076)
((442720,1969),27.10229)
((221060,1969),27.101318)
((309610,1969),27.090755)
((295240,1969),27.069416)
((442900,1969),27.052898)
((324960,1969),27.045155)
((308580,1969),27.040594)
((380020,1969),27.02909)
((295870,1969),27.007988)
((307310,1969),26.996557)
((239140,1969),26.992847)
((221140,1969),26.987722)
((297360,1969),26.986465)
((702610,1969),26.982191)
((307580,1969),26.980732)
((305140,1969),26.974802)
((283830,1969),26.932869)
((222050,1969),26.919735)
((316240,1969),26.918186)
((315870,1969),26.911564)
((314360,1969),26.899233)
((296130,1969),26.89803)
((262890,1969),26.897778)
((315020,1969),26.887882)
((702650,1969),26.87205)
((222270,1969),26.865137)
((294710,1969),26.864944)
((315090,1969),26.827278)
((280640,1969),26.80374)
((308020,1969),26.779938)
((259320,1969),26.777624)
((246440,1969),26.747948)
((702220,1969),26.738075)
((282750,1969),26.732979)
((221650,1969),26.724169)
((442940,1969),26.71496)
((304050,1969),26.714443)
((225730,1969),26.687723)
((298580,1969),26.681953)
((317660,1969),26.672365)
((317020,1969),26.659603)
((239290,1969),26.651941)
((315620,1969),26.633236)
((362130,1969),26.620937)
((294070,1969),26.612516)
((239250,1969),26.605247)
((222350,1969),26.55619)
((309780,1969),26.518414)
((308490,1969),26.509567)
((222490,1969),26.508894)
((315130,1969),26.502182)
((324470,1969),26.492853)
((293560,1969),26.475546)
((306320,1969),26.472857)
((320760,1969),26.466753)
((315520,1969),26.423824)
((303090,1969),26.410158)
((293130,1969),26.396677)
((294180,1969),26.348331)
((315270,1969),26.343227)
((292310,1969),26.334057)
((442400,1969),26.316662)
((280760,1969),26.300808)
((292470,1969),26.256472)
((281720,1969),26.236248)
((308560,1969),26.233318)
((292740,1969),26.232967)
((292410,1969),26.231)
((316830,1969),26.216522)
((294810,1969),26.205008)
((307390,1969),26.203173)
((221270,1969),26.197796)
((306120,1969),26.18315)
((305370,1969),26.168781)
((291980,1969),26.136908)
((368640,1969),26.13585)
((306060,1969),26.130516)
((224710,1969),26.102468)
((283960,1969),26.07127)
((310960,1969),26.067493)
((320270,1969),26.0452)
((293630,1969),26.032059)
((294010,1969),26.018515)
((259220,1969),26.01162)
((292030,1969),25.98566)
((307030,1969),25.984251)
((283820,1969),25.970362)
((292090,1969),25.951096)
((314320,1969),25.941818)
((220090,1969),25.939371)
((325320,1969),25.938818)
((316510,1969),25.926256)
((291110,1969),25.90911)
((368460,1969),25.901997)
((280870,1969),25.891396)
((292240,1969),25.888704)
((320590,1969),25.873081)
((320530,1969),25.858742)
((237010,1969),25.82632)
((322270,1969),25.825815)
((222160,1969),25.802546)
((317540,1969),25.799177)
((292630,1969),25.795874)
((443020,1969),25.790588)
((308370,1969),25.783024)
((309350,1969),25.78016)
((308620,1969),25.764414)
((291490,1969),25.732033)
((294830,1969),25.724516)
((239750,1969),25.694313)
((314840,1969),25.6838)
((254930,1969),25.664122)
((280660,1969),25.65474)
((291280,1969),25.650267)
((310970,1969),25.644905)
((310860,1969),25.637026)
((306180,1969),25.60956)
((255940,1969),25.600014)
((322520,1969),25.589012)
((299730,1969),25.581272)
((259190,1969),25.541166)
((239210,1969),25.53777)
((259170,1969),25.525415)
((236060,1969),25.515158)
((313620,1969),25.476248)
((310070,1969),25.468655)
((042310,1969),25.458641)
((258160,1969),25.454824)
((234710,1969),25.438217)
((297890,1969),25.430304)
((320100,1969),25.402199)
((313640,1969),25.391684)
((295900,1969),25.360075)
((222320,1969),25.346254)
((247530,1969),25.298397)
((306270,1969),25.268501)
((320710,1969),25.215836)
((309480,1969),25.203419)
((314390,1969),25.201113)
((323630,1969),25.189798)
((320040,1969),25.175774)
((314180,1969),25.156347)
((315380,1969),25.149466)
((225830,1969),25.148352)
((713953,1969),25.1)
((291220,1969),25.085087)
((222710,1969),25.072737)
((298920,1969),25.06749)
((259140,1969),25.040497)
((316320,1969),25.038025)
((291030,1969),25.037727)
((443050,1969),25.03306)
((293760,1969),25.017223)
((314450,1969),25.008623)
((226950,1969),24.96979)
((309150,1969),24.961845)
((272960,1969),24.948933)
((702060,1969),24.905859)
((325390,1969),24.881752)
((259410,1969),24.80111)
((320360,1969),24.787783)
((237110,1969),24.786541)
((239330,1969),24.779625)
((309650,1969),24.700556)
((222820,1969),24.691008)
((257770,1969),24.690075)
((259130,1969),24.674648)
((315110,1969),24.661291)
((320570,1969),24.602684)
((290680,1969),24.577797)
((309750,1969),24.568989)
((247610,1969),24.529505)
((292890,1969),24.478386)
((308110,1969),24.469202)
((442120,1969),24.460936)
((314970,1969),24.437708)
((311630,1969),24.38813)
((313690,1969),24.376863)
((238410,1969),24.366573)
((315210,1969),24.345913)
((292820,1969),24.34327)
((259120,1969),24.324583)
((314920,1969),24.281767)
((223010,1969),24.280882)
((302290,1969),24.279999)
((316380,1969),24.248919)
((290370,1969),24.240332)
((362780,1969),24.200552)
((442850,1969),24.178625)
((442840,1969),24.091429)
((234050,1969),24.084566)
((360780,1969),24.081522)
((247660,1969),24.07514)
((312950,1969),24.065287)
((314440,1969),24.055397)
((239390,1969),24.048643)
((237240,1969),24.031672)
((723865,1969),24.0)
((725060,1969),24.0)
((314420,1969),23.967583)
((257670,1969),23.962713)
((308440,1969),23.961803)
((315340,1969),23.954718)
((380510,1969),23.949999)
((360960,1969),23.946964)
((258210,1969),23.92534)
((237370,1969),23.912708)
((306360,1969),23.889746)
((315480,1969),23.887188)
((311730,1969),23.86492)
((290230,1969),23.853596)
((304330,1969),23.760338)
((306830,1969),23.757824)
((246430,1969),23.748236)
((305970,1969),23.745596)
((233050,1969),23.738636)
((309720,1969),23.718147)
((311680,1969),23.704132)
((308380,1969),23.67162)
((315280,1969),23.671156)
((239550,1969),23.662977)
((314890,1969),23.637259)
((293930,1969),23.56105)
((306220,1969),23.559874)
((314820,1969),23.5551)
((314370,1969),23.545305)
((313710,1969),23.53003)
((315770,1969),23.528925)
((307140,1969),23.491364)
((306690,1969),23.459766)
((360910,1969),23.457575)
((308790,1969),23.453445)
((302630,1969),23.415081)
((304390,1969),23.354641)
((369940,1969),23.31338)
((259270,1969),23.301653)
((314430,1969),23.25651)
((299740,1969),23.237457)
((231030,1969),23.228073)
((292760,1969),23.169462)
((303200,1969),23.153746)
((235030,1969),23.152243)
((315660,1969),23.147017)
((234180,1969),23.146282)
((363070,1969),23.13736)
((309380,1969),23.1162)
((307570,1969),23.114347)
((308430,1969),23.10232)
((313000,1969),23.058601)
((313310,1969),23.028975)
((307680,1969),23.028963)
((310930,1969),23.018108)
((380990,1969),23.01154)
((109610,1969),23.011528)
((362460,1969),22.989372)
((307450,1969),22.986462)
((306950,1969),22.983936)
((238470,1969),22.900291)
((307770,1969),22.885637)
((316770,1969),22.862038)
((297940,1969),22.826881)
((357210,1969),22.82041)
((238590,1969),22.778854)
((368290,1969),22.758976)
((224990,1969),22.728853)
((314690,1969),22.72291)
((311740,1969),22.714325)
((237340,1969),22.71027)
((234160,1969),22.706755)
((301170,1969),22.699118)
((258220,1969),22.68978)
((702910,1969),22.66083)
((310880,1969),22.563082)
((254960,1969),22.55972)
((305210,1969),22.533518)
((222920,1969),22.524576)
((256770,1969),22.51105)
((358220,1969),22.397675)
((314160,1969),22.3739)
((360970,1969),22.338003)
((253780,1969),22.328085)
((312860,1969),22.293404)
((314210,1969),22.290365)
((239660,1969),22.28701)
((305360,1969),22.221222)
((364430,1969),22.092817)
((313770,1969),22.00644)
((368190,1969),21.990566)
((234120,1969),21.98435)
((309440,1969),21.971092)
((207440,1969),21.962643)
((255950,1969),21.95418)
((238670,1969),21.930347)
((248590,1969),21.924866)
((231140,1969),21.912674)
((313460,1969),21.91244)
((301020,1969),21.880442)
((259150,1969),21.870441)
((303280,1969),21.823963)
((236250,1969),21.78768)
((313730,1969),21.77546)
((302170,1969),21.754606)
((315450,1969),21.744907)
((238430,1969),21.69945)
((305990,1969),21.685375)
((111460,1969),21.681684)
((303370,1969),21.635952)
((307510,1969),21.601496)
((360920,1969),21.580894)
((238490,1969),21.507479)
((701170,1969),21.501928)
((306500,1969),21.46612)
((310870,1969),21.437016)
((280980,1969),21.414042)
((367360,1969),21.399998)
((303120,1969),21.381691)
((239870,1969),21.371508)
((369530,1969),21.366669)
((361040,1969),21.348608)
((307410,1969),21.32659)
((235270,1969),21.307718)
((309110,1969),21.300285)
((304240,1969),21.283693)
((305260,1969),21.25923)
((234750,1969),21.255589)
((302300,1969),21.246708)
((306860,1969),21.127539)
((238840,1969),21.112438)
((315320,1969),21.096418)
((232050,1969),21.071981)
((236350,1969),21.012568)
((355320,1969),20.944567)
((239860,1969),20.941446)
((242570,1969),20.908283)
((313880,1969),20.868876)
((233650,1969),20.863909)
((236290,1969),20.85664)
((313970,1969),20.853724)
((305470,1969),20.846153)
((259070,1969),20.845863)
((309710,1969),20.827848)
((246610,1969),20.825272)
((160520,1969),20.787634)
((314230,1969),20.742199)
((247710,1969),20.714891)
((257440,1969),20.70421)
((301360,1969),20.698624)
((314590,1969),20.680105)
((314740,1969),20.61294)
((299990,1969),20.607006)
((363250,1969),20.589561)
((313840,1969),20.525145)
((256480,1969),20.505249)
((307670,1969),20.455145)
((253350,1969),20.365644)
((306920,1969),20.354)
((239460,1969),20.31687)
((304970,1969),20.30393)
((249820,1969),20.303865)
((247630,1969),20.299618)
((245880,1969),20.247839)
((312850,1969),20.22514)
((313110,1969),20.187567)
((310830,1969),20.17222)
((368310,1969),20.127026)
((361030,1969),20.126915)
((301650,1969),20.118841)
((369820,1969),20.108265)
((217150,1969),20.095833)
((236320,1969),20.075443)
((308660,1969),20.07541)
((307640,1969),19.984774)
((236310,1969),19.964333)
((701040,1969),19.956701)
((234260,1969),19.946808)
((311020,1969),19.895481)
((231050,1969),19.885078)
((306820,1969),19.875965)
((442070,1969),19.848927)
((201070,1969),19.848053)
((306490,1969),19.813362)
((248020,1969),19.810776)
((306880,1969),19.775984)
((307810,1969),19.731285)
((306730,1969),19.66851)
((236440,1969),19.656546)
((246780,1969),19.656204)
((308750,1969),19.646624)
((249880,1969),19.630104)
((248070,1969),19.550428)
((236780,1969),19.485832)
((345810,1969),19.472729)
((307720,1969),19.462742)
((237760,1969),19.445301)
((306790,1969),19.39972)
((312570,1969),19.321001)
((302190,1969),19.25309)
((246840,1969),19.218536)
((300370,1969),19.13361)
((234310,1969),19.094131)
((242630,1969),19.057756)
((236990,1969),18.97163)
((302530,1969),18.939318)
((313480,1969),18.930826)
((244880,1969),18.928398)
((300540,1969),18.914598)
((305420,1969),18.90917)
((364420,1969),18.901932)
((312350,1969),18.875423)
((362590,1969),18.868185)
((301270,1969),18.859282)
((236560,1969),18.755007)
((237740,1969),18.750275)
((232260,1969),18.746817)
((312530,1969),18.708006)
((353020,1969),18.693714)
((313180,1969),18.593645)
((343980,1969),18.492855)
((255630,1969),18.462542)
((230240,1969),18.42325)
((366860,1969),18.377775)
((236620,1969),18.370192)
((353150,1969),18.324322)
((239820,1969),18.314049)
((313920,1969),18.279654)
((310920,1969),18.273481)
((253990,1969),18.238731)
((234450,1969),18.21606)
((209430,1969),18.200844)
((311990,1969),18.198906)
((231120,1969),18.193937)
((233330,1969),18.188614)
((306750,1969),18.130194)
((312880,1969),18.107191)
((042350,1969),18.061092)
((306510,1969),18.028948)
((232190,1969),18.021187)
((231210,1969),17.958216)
((209460,1969),17.926523)
((304990,1969),17.87659)
((306640,1969),17.875761)
((305670,1969),17.83682)
((242430,1969),17.834114)
((302550,1969),17.826263)
((233300,1969),17.813736)
((313290,1969),17.802193)
((307080,1969),17.773851)
((360870,1969),17.730188)
((242310,1969),17.717829)
((249180,1969),17.661263)
((249230,1969),17.616985)
((300280,1969),17.573687)
((254560,1969),17.543604)
((301510,1969),17.511444)
((301730,1969),17.501007)
((235780,1969),17.481216)
((255680,1969),17.406626)
((248260,1969),17.36839)
((230210,1969),17.346132)
((203570,1969),17.266294)
((290750,1969),17.241268)
((304550,1969),17.19695)
((249440,1969),17.184578)
((310040,1969),17.181818)
((230220,1969),17.124176)
((249080,1969),17.117956)
((255510,1969),17.097517)
((254690,1969),17.031488)
((301570,1969),16.902784)
((300890,1969),16.864914)
((233410,1969),16.840218)
((357490,1969),16.742308)
((343850,1969),16.741817)
((233310,1969),16.733978)
((235520,1969),16.699718)
((368970,1969),16.620407)
((305490,1969),16.585304)
((300140,1969),16.570862)
((253920,1969),16.54639)
((230290,1969),16.5399)
((238910,1969),16.44987)
((234720,1969),16.432423)
((243710,1969),16.396807)
((239920,1969),16.385962)
((234530,1969),16.339737)
((255610,1969),16.273966)
((353210,1969),16.252)
((368060,1969),16.193333)
((304690,1969),16.18067)
((249550,1969),16.005867)
((237880,1969),15.998622)
((312630,1969),15.991466)
((253560,1969),15.987012)
((246060,1969),15.880949)
((307000,1969),15.870076)
((237890,1969),15.859515)
((256560,1969),15.830852)
((249460,1969),15.814447)
((239730,1969),15.75898)
((255380,1969),15.646132)
((356990,1969),15.640908)
((233750,1969),15.540781)
((248170,1969),15.449177)
((356870,1969),15.266667)
((259040,1969),15.259942)
((236910,1969),15.228935)
((241970,1969),15.166191)
((230320,1969),15.09643)
((313250,1969),15.083983)
((310050,1969),15.052197)
((304980,1969),15.041075)
((314780,1969),15.040946)
((304610,1969),14.934397)
((304930,1969),14.916022)
((240520,1969),14.901202)
((303930,1969),14.8603325)
((234650,1969),14.860183)
((247240,1969),14.796659)
((242610,1969),14.794121)
((249510,1969),14.746008)
((233450,1969),14.741616)
((367610,1969),14.708509)
((311520,1969),14.697211)
((257010,1969),14.64333)
((240950,1969),14.620928)
((232420,1969),14.620163)
((250550,1969),14.611281)
((310160,1969),14.5347185)
((247380,1969),14.534547)
((303720,1969),14.5118475)
((234630,1969),14.499443)
((305650,1969),14.433598)
((250510,1969),14.383565)
((354490,1969),14.359879)
((305540,1969),14.343173)
((311230,1969),14.328095)
((243610,1969),14.268655)
((364570,1969),14.245659)
((208560,1969),14.217272)
((310110,1969),14.211588)
((353450,1969),14.095207)
((232740,1969),14.016668)
((247390,1969),13.909885)
((231460,1969),13.8400545)
((252730,1969),13.8302)
((254490,1969),13.81583)
((252860,1969),13.795414)
((366190,1969),13.7266655)
((234840,1969),13.627906)
((209780,1969),13.481727)
((209670,1969),13.437886)
((248980,1969),13.3506975)
((230580,1969),13.21361)
((247130,1969),13.101373)
((042020,1969),13.09671)
((203530,1969),13.016212)
((251230,1969),12.941208)
((354590,1969),12.922221)
((352870,1969),12.864516)
((313380,1969),12.863965)
((246410,1969),12.782782)
((257150,1969),12.715706)
((353440,1969),12.629871)
((294980,1969),12.611581)
((304320,1969),12.600002)
((246390,1969),12.568443)
((246910,1969),12.553417)
((209640,1969),12.53343)
((351180,1969),12.5222225)
((232560,1969),12.490827)
((245570,1969),12.449157)
((208640,1969),12.4141655)
((247990,1969),12.407739)
((257030,1969),12.326172)
((247960,1969),12.309916)
((209820,1969),12.269768)
((248910,1969),12.206334)
((245380,1969),12.197999)
((246520,1969),12.105847)
((251380,1969),12.086462)
((231740,1969),12.042976)
((303790,1969),12.034551)
((248430,1969),11.952041)
((206650,1969),11.848545)
((252820,1969),11.831666)
((310540,1969),11.7939415)
((230770,1969),11.749862)
((209630,1969),11.73779)
((257050,1969),11.72072)
((245070,1969),11.704402)
((351570,1969),11.675436)
((256110,1969),11.632232)
((250520,1969),11.59621)
((206670,1969),11.557142)
((254000,1969),11.530195)
((255030,1969),11.287056)
((249670,1969),11.238423)
((310410,1969),11.168417)
((251510,1969),11.13439)
((256080,1969),11.120438)
((252060,1969),11.116775)
((230740,1969),11.079106)
((246290,1969),11.059558)
((219820,1969),11.016479)
((248560,1969),10.930315)
((253720,1969),10.928731)
((200260,1969),10.917192)
((255260,1969),10.906078)
((253250,1969),10.846685)
((700860,1969),10.800276)
((256270,1969),10.78149)
((209730,1969),10.770607)
((246980,1969),10.753996)
((258080,1969),10.73995)
((259020,1969),10.703861)
((442250,1969),10.691773)
((208710,1969),10.577747)
((249660,1969),10.572999)
((243960,1969),10.559151)
((250340,1969),10.521431)
((356350,1969),10.486047)
((307660,1969),10.414999)
((247900,1969),10.38264)
((363970,1969),10.235757)
((352340,1969),10.194999)
((251210,1969),10.190377)
((254280,1969),10.173827)
((251730,1969),10.119227)
((207660,1969),10.1174755)
((249590,1969),10.025342)
((352860,1969),9.772221)
((206740,1969),9.754824)
((217210,1969),9.753045)
((218230,1969),9.719635)
((352250,1969),9.634043)
((311580,1969),9.501106)
((243430,1969),9.474928)
((352590,1969),9.383333)
((257000,1969),9.370253)
((258020,1969),9.358838)
((256210,1969),9.290912)
((252480,1969),9.221537)
((700260,1969),9.152055)
((241050,1969),9.139318)
((233830,1969),9.1309395)
((217330,1969),9.130769)
((250420,1969),9.105831)
((208910,1969),9.0156)
((246560,1969),9.004145)
((200340,1969),8.978899)
((241250,1969),8.927485)
((200490,1969),8.924643)
((248780,1969),8.832069)
((219780,1969),8.812754)
((442650,1969),8.7809515)
((247680,1969),8.762536)
((234990,1969),8.761939)
((206790,1969),8.707376)
((245610,1969),8.595302)
((245980,1969),8.582592)
((249620,1969),8.529486)
((246680,1969),8.518721)
((219650,1969),8.514325)
((200460,1969),8.414288)
((242190,1969),8.361421)
((250440,1969),8.232854)
((204710,1969),8.11297)
((241430,1969),8.085036)
((217110,1969),8.0442295)
((250620,1969),7.7562375)
((202740,1969),7.743684)
((218250,1969),7.718287)
((311370,1969),7.521486)
((240510,1969),7.4609413)
((219460,1969),7.4277015)
((206960,1969),7.2817655)
((219310,1969),7.2454305)
((246790,1969),7.1709476)
((205940,1969),7.1621203)
((303740,1969),7.0589724)
((200690,1969),7.0468297)
((218240,1969),6.890656)
((215040,1969),6.877561)
((218490,1969),6.868948)
((244490,1969),6.687309)
((219210,1969),6.6617284)
((216270,1969),6.5609717)
((214350,1969),6.4744678)
((216360,1969),6.4436135)
((219550,1969),6.3358145)
((216470,1969),6.3189564)
((214050,1969),6.2404413)
((204760,1969),6.2377806)
((245850,1969),6.170275)
((202770,1969),6.0644054)
((203880,1969),6.042979)
((219080,1969),6.01143)
((216130,1969),5.9736075)
((248710,1969),5.9521656)
((246710,1969),5.752614)
((218350,1969),5.6981573)
((202910,1969),5.691477)
((216110,1969),5.6536965)
((243820,1969),5.6062727)
((218130,1969),5.525901)
((243290,1969),5.489568)
((200660,1969),5.1922007)
((202940,1969),5.0968857)
((214320,1969),5.039012)
((202890,1969),4.936599)
((201860,1969),4.922482)
((241360,1969),4.7593374)
((200970,1969),4.698861)
((215350,1969),4.688368)
((202920,1969),4.6326885)
((213580,1969),4.5923038)
((215410,1969),4.4449973)
((201990,1969),4.117185)
((041650,1969),3.9222505)
((242750,1969),3.748344)
((200870,1969),3.7234807)
((240710,1969),3.6156256)
((242660,1969),3.4720144)
((213010,1969),3.188953)
((244770,1969),1.8363888)
((041750,1969),1.6611767)
((305550,1969),1.5695652)
((314750,1969),1.5588236)
((246880,1969),1.5574951)
((365460,1969),1.3782618)
((366430,1969),0.34411797)
((313060,1969),-1.9232551)
((218020,1969),-3.0195143)
((741040,1969),-14.8)
((302460,1969),-21.806522)
((313720,1969),-31.203445)
((235850,1969),-38.699993)
((890090,1969),-56.58244)
